0 13 7 5
0 10 7 2
0 3 2 5
0 2 2 4
0 0 2 2
0 16 9 8
0 4 2 6
0 14 7 6
0 9 6 4
0 15 7 7
0 8 8 4
0 6 0 8
0 11 7 3
0 12 7 4
0 7 1 8
0 1 2 3
0 0 3 2
0 5 2 7
0 11 6 3
0 2 3 4
0 3 3 5
0 8 9 4
0 14 6 6
0 13 6 5
0 4 3 6
0 10 6 2
0 16 8 8
0 15 6 7
0 12 8 4
0 1 3 3
0 3 4 5
0 5 3 7
0 0 4 2
0 4 4 6
0 6 0 7
0 2 4 4
0 14 5 6
0 12 7 4
0 7 1 7
0 10 5 2
0 2 5 4
0 1 4 3
1 0
1 4
0 3 5 5
0 7 2 7
0 5 3 6
0 6 1 7
0 8 8 4
0 16 8 7
1 9
1 13
0 12 6 4
0 1 5 3
0 7 3 7
1 3
1 2
0 15 5 7
1 1
0 11 5 3
0 12 5 4
0 6 2 7
0 5 4 6
1 14
0 15 5 6
0 7 3 6
1 5
0 11 4 3
0 6 3 7
0 12 4 4
0 15 4 6
0 16 7 7
0 8 7 4
1 15
0 12 3 4
0 10 4 2
0 6 2 7
0 11 3 3
0 7 3 5
0 8 6 4
0 11 2 3
1 7
0 8 5 4
0 6 2 6
0 16 6 7
0 11 2 4
0 12 3 5
0 10 3 2
0 6 2 5
1 6
